89553
80939
32144
9301
62663
22060
59530
48099
20261
37494
41987
98543
93679
60706
86832
56439
83333
67744
2029
88494
50740
85547
71475
38724
23051
29283
68645
70180
93850
9619
63125
36844
65037
9555
87142
53353
63741
42231
19929
6034
85534
66091
16625
27788
60580
51837
55354
41441
12928
66796
1254
61470
84800
66656
89430
32384
27506
61938
10158
73524
18549
57182
39151
94697
50487
44465
93271
44810
51304
69726
7818
56537
38329
80303
25365
54060
78125
5130
58073
98069
23335
15277
35534
52439
24111
61793
78397
70391
66562
90276
44393
14446
73527
87152
77835
44116
14065
21333
56276
28016
7159
6757
68725
62979
72476
26230
78677
11736
76378
25078
22172
2879
44948
4294
66209
72054
67459
17191
6059
61730
93465
1007
11355
38376
34646
55476
40346
30526
18543
14078
29254
38942
5491
40476
29427
20998
72341
22621
8818
5366
86983
30047
56302
50264
46185
46070
27414
18739
25977
85951
48351
7857
98529
64479
51402
35180
2444
82029
49448
55518
14373
56846
69782
53725
59054
43083
58205
35159
12141
39106
33218
14454
95608
8629
17092
85368
39046
8417
95700
39726
81836
40644
62215
91860
20951
25404
81126
56443
67078
19457
68506
22262
57748
90983
22045
62200
90361
96917
50099
20613
80257
99410
42850
23241
19384
988
645
61988
9684
74207
84669
17090
71938
10904
83351
92620
85629
18580
94231
57762
98265
47028
5491
5915
53671
37004
23968
66439
27877
44558
37161
29759
28555
9582
15619
75497
9350
5208
59049
25494
73972
25845
64600
78781
96610
46028
48977
23968
64975
9612
87412
66024
60223
89479
41981
49034
24025
91573
39341
4283
27209
63920
23709
3902
46700
11215
54731
54299
77888
8639
41876
20733
58065
54743
7079
34664
53288
2574
45574
98850
65735
60635
11234
71694
51612
60861
87168
81983
633
49469
14952
97877
17298
68354
46580
49917
61474
59667
52078
86820
51171
44247
62689
24939
3972
95792
54626
37552
95215
56958
81649
18482
40804
21037
46012
46099
70476
33392
56861
68347
43327
50561
62713
27209
71612
31741
60385
41905
61088
27288
76617
74114
46600
71962
90541
5648
118
86833
15327
69238
15130
43053
85482
86514
26043
43184
2687
83716
4185
31298
77489
75338
83017
51782
66789
28640
4334
38594
47765
47852
44505
31638
87745
45901
75248
85022
66488
3602
36912
53133
82461
51536
53960
14784
27885
48189
2093
23139
48707
69453
44375
49667
15104
69208
89755
24100
15730
18443
91556
59151
54640
81297
95752
88713
73681
40350
69301
41323
45083
40665
87313
16854
79128
82312
34511
33728
69952
54501
81196
66385
58908
70938
26890
98293
29389
35657
65800
74491
59595
41336
17472
49475
50467
77983
83238
91167
14844
8868
34497
19769
60885
52728
12400
31528
27880
96521
20158
81710
35814
51360
19007
78551
91387
55801
96725
70523
52656
25245
63686
92910
92085
44020
45563
76554
13491
97524
84067
11533
72233
45879
27571
1615
19964
47621
91930
41530
45348
52240
98541
98401
10395
93748
51412
81132
88387
33961
97964
37109
93856
23803
29292
24269
57670
73709
14795
68394
41001
50060
33362
30447
804
43619
58693
76817
16402
88027
79914
66549
61875
41707
90249
43919
62165
84879
56345
52210
2173
24912
88725
65050
67579
47841
69899
65403
83719
1670
60809
89119
84584
47921
98572
89870
87849
71911
18913
75382
73797
99386
85178
11060
66137
27352
82520
86420
90889
40363
40603
92182
45911
50004
81099
61443
48059
64956
47268
87046
37627
71758
62109
39070
10378
82284
78798
71314
16376
82956
32599
23711
11769
2809
76929
98800
74780
2836
87924
14702
390
77361
51665
14477
69546
49735
6091
42332
48177
39250
95697
80806
8946
73946
11257
79901
84325
24837
29099
99058
53490
41115
34881
25949
37464
72985
15324
32239
27045
79081
28062
75799
96296
28751
14506
61281
60683
26029
3566
26551
23467
1731
65093
31132
16514
42866
11063
84675
82427
54436
9819
68376
63767
77699
74090
70333
62053
21097
7036
77050
4397
95312
42252
37580
8795
82283
93413
44263
70466
9526
37183
54577
1118
45730
89035
12290
40580
81343
95777
12966
25999
8766
60896
98759
47636
70749
39201
60540
42243
2726
85818
71586
75155
55086
21222
76346
40390
44741
78804
10291
64455
51865
34344
32372
33979
47306
77842
10337
79938
8926
77279
10953
41922
61001
1179
12135
4757
49822
12275
72033
46777
50762
18072
61349
64119
87330
65804
89429
38655
31104
99042
32159
98505
42969
51128
237
79561
10661
36641
70091
34055
35429
16272
36519
47898
21464
52750
36094
22401
25779
45899
33409
47937
33321
33415
58467
47202
32376
70619
32788
93985
78706
57253
24309
19646
53333
62239
26655
4044
38547
8431
67105
10195
59461
18473
9349
62703
64290
90234
32110
88829
45569
65628
32749
38050
36643
80243
26161
71057
52997
32778
83608
62351
86395
93141
83553
91964
1304
75945
27139
11279
27677
42148
4638
55556
91967
55805
86026
41444
79080
15117
48766
31667
72011
97426
48962
70992
73016
6303
88222
97703
70440
85562
27895
13055
78694
69807
54797
47474
45371
74016
8082
96793
89133
85736
35631
14390
4755
12585
60130
35806
47568
55067
99970
81292
88584
20108
8136
28690
13673
64251
63482
74162
25463
57124
73078
1484
94961
85561
21761
62004
1448
76672
35603
26789
93782
4211
9675
10140
4040
56721
87338
79315
45278
88244
68186
59203
29208
42780
64882
12628
46712
42226
25288
27078
64367
54174
85604
66863
3549
10742
22706
56072
85161
32518
29394
42157
42680
22725
44989
52563
28972
35898
35516
97584
68182
92619
32650
91406
33034
7284
8687
60350
60002
19414
85971
82354
50038
70672
53534
55008
40967
49535
91150
20767
79128
33489
81570
87470
62486
94636
25389
69863
75177
98774
59821
43572
84363
20293
22596
46791
24223
15635
95255
86962
49093
46612
6325
9777
97974
21518
74146
66083
76037
26783
21599
68624
25252
54792
515
64995
25868
94575
22260
65817
43287
41168
2798
57834
10676
96808
95479
509
16737
82465
2861
51641
50127
51797
30072
92646
37325
1249
66526
27350
99060
99807
60263
9505
41997
19845
79731
13693
96919
36507
41533
1905
12478
77252
19477
53780
14406
45467
40197
22353
44118
12463
13695
49132
97749
70693
43341
22403
96927
67722
9170
90927
35971
95224
20780
51479
66684
90220
91681
13222
1563
16804
95652
4439
39006
35744
27470
27922
39928
36653
5310
90138
14281
2818
20209
26258
8013
2335
59138
18264
16339
50813
2583
56538
87501
70757
24942
26700
22765
80581
6644
12944
22966
82306
552
96692
79738
81100
82069
95136
60369
62138
52270
28076
89291
70660
56467
23421
86299
89635
26818
71842
81873
86104
56870
19269
93337
2059
68414
42285
12116
98633
36557
85927
21946
23392
97627
56027
40693
59701
76347
48908
54267
34405
33637
70159
90155
5500
54493
41107
60218
24954
66558
16780
87635
73575
4341
42323
21282
94524
11459
56193
32319
10056
3866
7950
82384
92043
707
96025
50573
71048
66248
46594
7231
10965
96305
48534
26603
46672
25616
31387
37523
80661
28833
23381
21557
61295
37105
54771
81417
20106
94657
78107
18949
28449
35371
61506
81634
44909
68027
73615
59298
63954
20695
19670
38600
43669
9725
6887
51873
85776
66819
14426
89020
64703
78884
18232
76432
54119
69668
74308
65257
79133
79633
95308
12855
30272
81076
64804
85931
11376
99202
21203
61543
57733
96677
8987
53108
53028
19124
38816
42498
94118
92087
19982
56478
1173
6190
28838
85952
47369
26530
55007
9915
87127
14776
23558
52451
94786
58033
25778
70806
86634
57197
3798
45275
88393
39355
25028
17538
27527
23734
51215
3093
75151
88756
53914
85540
35873
58948
53248
85740
85534
54785
60071
87262
86617
25962
82976
90996
68997
19196
21087
66491
49741
15305
1147
65281
79827
7154
33157
62386
47944
80006
52650
96136
41917
98856
89682
83631
66883
3538
54686
99385
45960
61716
59589
18084
83959
32277
98919
38883
57595
47262
120
28331
6688
29113
14858
41713
40004
21866
63874
8520
36665
29843
66738
96753
19489
25463
84854
2869
126
8998
81177
49481
47537
77395
53288
11245
11147
86743
27861
30921
37895
73523
13999
32197
58472
33480
530
83614
82160
43743
48073
18841
31999
53813
70527
72508
72411
64047
22608
47978
29934
56499
10177
93657
84396
42279
18289
27846
12635
42032
8268
18623
99781
21711
69584
94890
94155
64504
24885
37460
70991
71594
77292
74940
87498
49377
57874
88184
57141
58816
78237
9193
44617
73814
18205
85618
84596
19808
81860
70387
57151
41200
36484
87489
10646
76848
8477
19558
8932
6502
47894
60690
93844
67890
88965
78763
96269
34112
27827
35569
99492
84066
10653
20173
57025
94794
75468
61172
93818
34003
19170
96924
74512
33399
67602
99292
5332
79092
11026
66101
47203
63978
29907
20245
56907
8852
76682
79267
40295
73931
97997
88243
97072
50528
78889
40914
60121
43837
65490
49276
84055
32062
76040
60231
17444
14608
41349
59364
1073
42584
25326
46584
70633
58594
63781
16101
6401
59557
25440
24084
64747
36306
42945
81361
46727
36718
83607
65652
7539
45366
29745
8061
87305
71963
16704
71961
48394
93349
32963
8879
37437
99300
21229
45646
51219
51147
32011
29806
74773
74029
71893
36177
77304
68492
57555
16438
96980
45281
33596
55780
19158
58295
37279
85873
54262
35054
96554
91802
51350
81417
29069
42139
41266
67891
69341
65909
89361
88540
88857
98013
51886
20341
89613
15503
72467
751
45415
91135
25479
84339
37282
97755
11663
35507
79348
7305
38005
63656
59902
41645
68656
9595
28564
48862
16618
47539
45030
98392
56924
75753
67473
11016
81210
30711
99338
65672
80876
74570
32196
54045
41428
73843
19228
86008
54116
8324
89037
84237
2692
23658
62728
44736
62829
68381
68488
81463
59710
36799
57431
17918
65306
72819
12036
36285
81013
76601
4230
45608
43629
95889
4033
84479
13037
76915
61637
30855
48519
95980
85898
51865
57251
92119
20438
89840
3373
73710
74912
47341
98854
77448
3445
3523
58503
16792
34876
67002
90555
68812
50125
46208
11592
13319
70898
97245
19962
56200
70862
91409
35379
40096
45571
29739
14072
69857
80614
20403
78599
57676
38808
26164
59405
23335
46747
83870
31180
68725
98604
95596
41278
82584
10792
92004
69724
21367
54986
72442
30741
55211
68902
33483
24282
64149
94419
7801
72695
19058
20772
48706
32440
84256
16935
12155
53700
34225
21790
7657
71730
85638
23240
12278
52995
7692
98182
67820
86385
88660
4087
10238
5242
4677
9912
12511
49450
57945
29155
57413
28505
25863
71112
95032
26266
90032
57714
81376
95997
94648
62806
39026
30348
17495
18346
28574
55087
23547
97684
70436
87660
11165
29973
10660
22101
53893
21703
81449
50313
87097
61467
67400
6424
87974
62276
51823
25702
49911
52107
84013
42419
57749
57812
77976
12092
29171
40148
25863
32687
99289
28379
85245
56668
90413
71768
78376
31164
27064
72250
23690
77074
27490
87654
5081
19598
27244
98098
72839
12444
67854
9498
61662
55897
14133
27613
5771
94951
47431
73672
28912
97878
18887
28294
87916
57886
36721
84334
52480
30929
4656
61190
10971
21277
24758
83249
2304
53093
27283
53361
87321
21075
92590
58570
89615
96106
85712
29809
55351
72913
32899
39866
4411
85882
31238
64655
71051
86458
97415
51646
61281
70986
29742
36332
86287
71369
78758
22651
66481
72584
96049
96549
39148
882
58347
73185
44141
34410
44555
87791
6741
24029
77029
27737
84505
76250
25261
69142
95847
42517
10054
25172
2085
79460
39348
35158
71798
93272
53038
23754
16627
58047
53447
37600
51000
2672
50570
23263
94778
93806
56736
44757
7464
3481
24084
51472
15333
39054
29999
98142
68756
30499
80649
87252
45978
15452
20805
51325
1739
35945
9314
17573
44390
62449
43931
663
13516
90590
96644
50660
21611
13860
51178
42703
17947
61649
18100
32572
30563
6082
39712
18004
43146
83460
86890
39478
67617
46479
93093
26173
80335
61953
66940
42876
89
95443
74096
21852
99457
78931
81618
70045
57562
40650
13504
26436
81936
87173
74867
6980
49924
67023
63981
15292
45959
12391
6367
16070
12
50917
13189
65227
64702
3033
87382
65811
3749
32056
75278
71993
2863
93961
88927
94786
55674
41711
4884
72575
21900
75026
78896
57206
2745
90663
2797
32038
29372
80537
69790
22258
14308
45443
7418
79700
72768
40658
83691
24536
81135
46380
91151
4389
3214
60734
66115
87820
81395
45972
5882
43554
59449
19577
5394
69463
76487
71077
46668
25999
47460
2712
39216
97659
24578
37474
27795
52999
16176
11606
54973
98848
24788
70269
90328
27564
54592
14902
15557
37537
29865
8698
85304
66627
60736
32655
67237
15790
90279
98817
1709
55908
57851
69613
11269
4656
17600
2610
33379
32225
58193
38528
45865
4811
80060
77022
3953
3022
99838
39538
10181
58660
68198
1434
94045
37872
6874
86621
86941
61183
93456
57105
39745
91728
48390
97142
45363
41780
7646
87076
96614
44683
96628
85509
31007
14387
56151
90081
88304
68000
9715
26950
34192
18120
2771
26946
83939
51193
89342
82428
93635
95724
89090
43024
73403
49908
88797
717
16926
82082
16268
35162
34683
39379
71733
38640
24511
59
62140
16720
12387
83221
47067
65497
48796
85936
71506
59158
51603
52327
30396
42694
45035
91710
82526
13712
56218
53635
7331
94592
95620
36521
77083
41665
65851
53531
99121
11580
14439
4470
68023
6736
70534
5651
55979
51405
82920
11097
61159
8099
7287
17846
28480
29764
74416
85781
54921
57549
7721
18089
92444
16172
48567
42333
65554
29330
90815
4067
27671
76126
22272
35041
90749
36142
20003
86247
75938
25587
48934
22436
49601
9842
68723
59162
28635
88777
62585
86051
61773
90352
63545
60696
19446
75327
68568
76420
53780
51292
99051
4132
22438
17777
87386
83607
5252
15856
43575
92717
80991
35453
83377
54514
73104
41445
79968
51527
17912
15733
34852
4233
56463
76565
50518
36383
2162
28714
27330
93720
90280
18517
163
4590
72568
16300
76518
71046
80490
25396
37148
57271
43909
21732
12677
98495
18629
60893
55257
88045
45777
50560
83003
12773
38783
75449
86759
97830
69598
79088
53683
90592
4777
52245
80227
60530
24204
51301
18248
16902
40476
71565
22341
49374
25343
30287
43876
78027
41107
72039
47846
58667
69525
95180
12277
26975
28477
12277
6783
80727
67592
99623
36810
93193
37983
61428
83142
22770
38396
32784
62465
34020
50317
72152
84085
73502
87986
48929
80350
50118
5730
14545
43865
54200
24691
56574
13331
12130
63772
74523
11590
14025
85481
83223
54462
70855
96387
45175
16978
54357
74013
56724
64840
48173
27246
64614
33227
91895
35735
69237
62532
31020
55227
78827
81159
95310
20457
14850
59220
15649
24918
33052
43770
55191
7761
16844
26186
74467
32036
20191
85321
72075
95653
85630
96301
42689
76660
39772
94121
72312
77847
73372
33638
47103
2161
45990
93142
86526
60064
16311
27364
24187
82718
88314
87595
50462
90742
80807
91545
99851
47323
73218
43621
12950
6553
54112
77506
28082
53154
505
17232
60781
18104
45893
30385
10738
46202
52775
77640
95244
86221
91516
46525
45773
72064
41536
94119
20100
64215
73114
13342
76144
24772
38481
80544
25749
6499
99448
38313
36680
46554
45434
16730
79358
68967
10576
98717
21172
16421
81498
90741
55728
51517
98352
68776
16942
90478
90911
31278
68643
58106
58768
5843
79174
81822
123
24312
87485
74734
17150
2256
42257
92955
77619
33088
48879
90744
92228
34526
90409
38573
74991
65642
98119
13830
90098
66478
34861
21638
52788
58982
20160
54140
44086
87996
69842
50611
19651
74059
44926
77871
41530
96012
4654
10756
38251
20681
36713
55743
3505
49375
94089
27379
76546
56498
2436
56736
8492
54247
14457
83920
7869
29219
78509
62500
76015
61660
57497
82766
88375
56173
81094
2805
51268
83882
39418
61693
65340
60381
29515
37436
56728
61222
47366
3814
94852
7268
77580
34922
1795
35932
70551
3931
72397
11148
12584
23488
66453
14822
88317
79183
4850
5644
6769
14616
99975
27255
12423
36878
77406
97159
30984
24618
697
10141
5789
37392
93941
45561
65336
44593
67863
76585
24979
15043
94344
41198
66574
34182
41559
49823
58690
44815
77320
72414
76994
39488
71764
69088
59503
67829
82175
2679
84613
60569
82512
99043
91177
13451
8126
1488
69382
18886
22206
99432
38729
80932
74611
98167
95215
101
16076
36578
53588
68456
51153
52725
32581
72611
61812
43372
31081
62509
10268
62896
21443
7209
34385
59403
42503
25438
81945
51507
9288
48275
91060
7851
69064
44107
13210
3317
24043
11862
92641
90801
9952
27526
61290
45462
66612
11097
81932
9612
61793
66360
73889
90655
32820
34267
85459
41981
91767
92193
35100
87272
99524
25986
29453
32338
51655
99450
80463
45476
34652
46839
86106
77226
5065
17857
9682
33508
15942
11888
91131
12293
65124
48338
50522
63287
68147
33430
98625
32543
64881
237
52400
9477
53459
18404
64268
2487
7706
92752
13188
31131
74942
95827
72854
37833
69934
8479
67731
90084
77708
74666
51184
65355
53032
11949
91619
85211
57637
57514
32335
92583
7543
71052
98703
46709
12370
60485
62312
43954
76086
44241
35893
59527
94376
14700
65112
45065
27670
21402
3734
10102
50826
49763
7198
61668
80579
31282
56292
75525
60067
84616
27421
25051
36119
53374
58855
99292
99443
76166
23383
438
70458
97127
6969
22767
4237
1070
10271
80054
56863
36404
35324
66511
2502
71072
93178
7501
15560
12048
70007
80609
35535
7278
18913
65070
13520
40470
2633
8136
98775
23773
98333
80648
61405
91129
89876
30906
62875
95950
15202
35846
79965
20815
6907
91643
59730
13956
62592
81997
33130
77611
8269
11719
43211
46648
72851
95661
50082
12429
74687
48583
59384
66435
32140
30279
83561
61015
49340
62051
85966
10411
95570
45619
76665
84303
92111
83565
25798
78161
43941
21645
35433
80024
5322
7588
64090
91638
48104
88464
29446
3444
9480
49259
24207
67491
31967
28982
67740
60134
72543
37460
81765
77245
50152
35907
22274
58658
21220
37420
21795
95722
21320
29752
96235
36068
87831
22020
48749
63083
83187
69465
59433
94098
71230
35916
84108
10899
60237
12339
98065
8955
15311
21636
11359
27623
60155
4825
51097
2578
33621
1782
53110
63875
39992
10917
30548
88282
33584
36493
90099
2906
8076
9714
47927
28651
18851
284
56878
46651
52690
18833
94094
68598
73310
47426
73922
92757
13529
25290
44814
31455
55243
59999
938
2969
36947
30503
89261
91001
55173
97750
21139
88272
81026
41049
3752
57322
95897
93915
91242
61180
61460
61825
17955
39372
78235
66121
16966
30559
54285
73243
45862
72156
997
36540
38784
39373
96473
99109
78770
21392
8691
80402
37710
70754
50385
96819
62551
3574
45499
47034
95862
72770
23130
26521
6469
84309
19002
22551
71599
77300
56814
80872
95811
42814
2219
28348
73969
13389
30719
82043
5604
15485
27426
74523
46250
40489
41412
77608
37665
56405
50308
12386
93341
51967
51808
91950
28280
77697
87939
55184
12777
24273
25199
14835
98744
57609
59114
61181
14129
12159
85267
33797
46056
29213
80545
98247
36546
15339
68095
41955
96013
87625
97440
34082
99225
66988
57189
77932
65988
78622
51977
21221
44558
19451
17533
79484
9634
56555
18191
70964
58722
27578
69691
57514
40812
24444
56790
35370
79489
55055
69963
22079
58970
94146
68412
41447
26013
54134
87620
17054
23272
29495
48843
46698
10356
94149
95238
45085
47726
60286
74712
10136
15534
39204
13130
89467
14579
80019
73171
97941
49830
429
73905
64598
28243
65269
54087
67870
12150
13196
98170
51642
57024
79591
8250
1580
28192
14681
97376
1042
34914
49836
126
78996
42177
22166
44849
8528
20715
27782
8652
13866
73927
37462
80990
96259
36757
74963
94613
94648
76044
27868
43695
55733
34474
33587
98090
99862
50955
59024
39972
34121
59119
71432
94516
82052
12600
80075
99809
70642
10856
13622
62849
39502
2509
86522
78276
14651
24526
99155
44368
19838
95059
11158
96903
82048
15323
25090
95622
24663
51649
18476
40325
31668
62670
66273
64039
9370
8586
2937
49233
68298
29547
83503
39716
97256
8421
16502
75632
3937
39538
58014
61897
52099
9524
75795
91422
33962
58867
15179
83667
78327
33650
24314
66326
9840
55683
25319
23364
42918
36261
50059
56172
15005
33870
94501
56237
38181
9382
83982
67552
75568
63631
83235
24857
29545
51738
29642
89867
62483
56129
15938
71800
57516
65958
99461
10776
66818
54437
69071
23120
87916
67596
57960
56070
54759
38071
50838
76122
29575
15738
97387
19972
34013
63372
10325
69954
63592
99970
96104
76904
88219
86989
38986
42535
53314
43456
35137
90702
61036
44756
52364
2330
29185
6911
73284
62332
96522
83195
64921
68493
67581
3219
6152
82088
67477
65935
95889
57892
7800
57466
59538
77318
48352
2310
69023
22525
76320
72156
92528
71671
14402
70388
94145
65858
12490
82379
10707
96889
73692
31706
43371
91579
14780
10688
14876
23167
63627
59984
59914
63305
51729
56451
35668
99080
68612
31069
62354
78748
6747
79459
29440
17108
40520
46379
32261
86848
50895
62529
35848
45769
28574
87123
98063
1403
62790
62895
22488
94372
50310
21547
53054
89707
39780
87136
66989
1411
60248
12482
70432
39699
69520
49407
51962
62613
97914
97459
3245
34166
56102
97751
73182
39655
21854
38647
82160
85482
19867
18237
86401
15571
61281
64897
48917
9426
15046
51717
43178
87853
42003
53141
88388
41583
34373
82938
91124
15278
68250
21416
47100
24841
94806
86800
38946
59460
67072
30789
51147
21506
23498
41505
11679
87156
26923
18433
61348
28551
88159
43382
46510
24329
87083
9134
28570
99504
40947
83137
4561
78000
59557
77476
37085
1506
70038
68300
99049
66888
90097
57998
48868
61043
78003
1643
65191
26860
89968
25555
86714
76872
31137
50317
22259
82215
95132
93179
19075
3661
48888
65492
3168
98802
34453
99684
34497
34841
27516
37247
51987
60001
13592
84293
18558
38218
17129
94497
14775
31573
46224
70544
71192
22820
96233
84705
74118
6403
89208
6752
27288
40533
12944
93148
2764
45145
63364
35280
68462
51014
86989
86512
36748
53788
66497
87889
38882
3413
91648
90574
93397
64158
10293
29444
3050
13407
59782
36732
84601
8370
37746
97216
8412
39075
83064
37160
753
3248
2751
8078
40714
84120
98587
73349
65727
85730
18494
30829
84969
81955
81959
7792
88309
65268
6297
45936
29936
39172
91046
53593
60457
84241
1542
39948
79008
41909
29493
61750
77779
2402
98326
6848
55386
53625
24170
10894
82630
46366
39480
53607
14444
57808
35680
9237
55216
90162
83599
32222
1162
24121
46066
43493
3080
57860
5718
45472
15527
1514
92871
34554
24391
64287
13284
98691
73790
66808
43672
84673
45391
34858
84046
94806
78469
82263
30248
25913
57426
70522
57526
94899
34988
40664
86509
4652
3919
48852
36698
91581
77847
1418
59334
61885
92700
77291
81517
67423
94204
46199
86452
94101
34076
39561
942
35718
57771
7633
60519
4499
30019
1267
75092
85842
10908
49561
23513
79309
64886
65692
64178
80475
57808
2389
60605
48977
73044
95821
85840
76947
56659
82024
87639
18991
83797
43587
67554
69978
23684
45939
51361
80104
69002
52373
5722
78081
86934
64865
86534
32728
43770
23770
88101
20883
52744
13627
99097
85249
95642
64624
61216
59637
72722
9644
69482
11056
42622
55372
49377
98191
24180
52608
95255
74018
45473
5687
56970
66679
41885
43857
17200
57195
24645
88458
10632
35193
64024
88955
98009
54551
57257
68103
22974
29716
80282
11997
47696
10412
54483
64241
84485
47563
94906
35158
14891
16464
44776
16746
15247
94612
42665
1992
88151
1032
13280
43179
33122
91584
20582
48011
76423
70422
72857
4629
20036
21635
23334
47041
62810
87083
67088
20977
93004
16526
95218
86893
50769
94360
30667
1589
11540
3649
36558
52840
46892
22591
57549
82467
78092
61152
27454
22438
49403
36342
52274
85865
13138
53449
56766
194
36516
7504
64831
43386
11589
44372
69217
45595
73791
24063
34470
48577
12138
10229
68503
73026
84638
69266
92841
30040
36196
39
39314
27078
53091
30987
1864
61076
78049
15201
76144
61773
53013
26026
26699
46863
52889
5878
31783
77213
22864
49131
69238
55207
34351
6342
23386
92173
30162
81491
12474
81863
38200
56563
59009
56162
94805
18484
51169
66446
33801
82296
72495
29442
65361
1419
9190
99960
90027
30934
79611
84555
67492
63072
68915
89934
87235
85404
93323
7843
68644
21748
63098
74214
51951
3349
61091
4498
28140
83661
4574
99400
95905
53883
12093
35646
26822
38375
54212
4949
66069
49179
27248
40981
95381
57099
52495
78978
37314
93141
69944
25476
85516
28568
65111
76754
4351
94451
40358
13670
53059
92305
17969
17911
54579
16234
41247
56
47211
54016
22005
3393
28497
59620
68123
49093
25031
92886
13179
18148
99303
3464
61681
23336
35314
95535
58068
10588
28330
47489
85383
43221
40997
76414
412
64827
77965
31119
16082
7013
74243
69393
49040
6709
88682
25269
60589
24427
43334
320
32543
9656
51829
19350
36051
42447
35520
75294
71089
91337
34818
50774
77053
66851
84956
44451
40782
17178
40358
49191
57328
7963
99882
25993
30939
51735
6357
92766
38952
4144
68176
253
19688
23933
78156
98720
86939
1540
85414
8551
18271
97199
9719
95434
12104
93606
74601
16599
59445
60501
75421
48360
30100
48903
91687
27239
30378
81300
99087
37014
49510
80720
36028
52260
75409
86446
31908
5319
26890
36991
9922
78075
19097
62021
35881
32551
51655
14067
96363
85014
84915
88147
54417
97173
48690
22824
49160
5002
10000
49783
76748
30802
11586
60641
14551
27392
81352
89514
27788
84591
4388
67761
28458
87709
43850
93360
40071
55281
94743
71546
58529
99076
55507
25605
89422
43195
6346
47145
85092
11094
90327
53686
992
39438
3565
48091
40186
5926
14170
29125
57304
64565
46141
85341
48780
66366
84016
15553
64947
5989
76858
58273
41346
75651
46006
79818
61555
26386
30061
66163
31916
33782
32665
87199
69724
40375
73927
53647
80760
124
84691
66751
29491
81728
24372
68693
85830
97038
47701
37784
66030
8374
93480
36592
72117
34334
19321
13492
74199
17479
60355
78490
73049
39285
47020
22763
26576
67843
77285
27966
23075
1983
2072
16167
36632
31905
49098
24189
5586
70799
80037
47145
33678
24603
48612
85148
25297
57715
3146
44422
31219
81362
56065
89492
99241
38282
25003
16642
95374
82473
35418
20478
85513
55993
62962
55264
44984
46140
85419
50552
93910
65809
8593
26710
40056
37433
28317
70080
47592
76620
91625
69802
40191
65454
24124
88738
89924
77413
97746
39484
39617
65934
23305
63080
55630
56887
65660
62869
10496
91572
95800
28803
50392
51314
13787
98596
11114
57346
99252
41214
8056
80377
72005
15543
40621
13085
74351
52433
19561
55784
18805
31891
46946
40552
80164
78825
52752
72396
49278
80557
19536
97317
7358
37195
7201
16655
24296
92029
23552
54674
32203
53253
73189
52060
76301
10593
57168
1876
99235
70866
88990
66472
72076
84983
38617
13948
45483
15613
15578
91005
57899
99474
54613
5346
4150
91160
72931
25273
37461
36417
26800
16731
50621
11967
7036
28751
57955
86246
77870
7116
78718
845
81772
63028
4703
45967
3975
48659
20060
4882
14773
94703
29738
72146
85095
46360
44451
8247
1449
93704
64705
79407
89987
29938
4157
45386
96283
86788
93494
465
57361
90142
9982
43146
45543
50980
84988
48701
59925
56775
52033
45305
90566
56740
11303
49300
82939
40676
3047
98065
85746
95595
1937
29958
73912
86956
67195
99995
354
52021
9196
87195
45096
11718
62236
44948
98356
4340
85300
69263
35406
19559
47917
11471
15352
64382
96552
41679
63407
24100
38513
77225
76777
90697
24965
26408
28021
18812
62391
61917
26509
35068
32743
30683
38578
70411
56496
27277
60034
7104
89990
6513
80862
32085
8642
87588
81285
66661
91057
6860
50793
98809
85505
9280
27315
78876
9907
29534
12376
52030
9207
3111
29946
91564
69884
64788
61572
65977
70376
37448
8513
19756
28293
87664
2718
72859
90583
26165
12874
47130
1163
61067
69145
9227
72040
69666
60798
79114
78598
40624
44632
90759
97442
52562
38890
7421
6098
97305
67338
87732
67868
26506
61193
70777
32247
98847
22849
98453
91601
31709
4590
21619
48145
15992
57984
42908
61782
35645
65174
33514
69002
44544
72002
23900
85773
92471
4701
9075
33251
59274
66842
27935
54131
51666
81282
73144
19596
40676
63053
63132
62072
69414
83452
60990
7374
40606
13032
56412
21331
1247
11751
36303
30624
77799
68238
57238
25288
79449
76961
98747
1256
79303
81990
20166
55275
3755
9149
65835
1706
8816
54527
63483
40928
98854
96634
38883
72471
47979
51933
26185
12503
17209
99042
87836
44915
21605
55599
70570
8020
90704
3581
14693
94733
82880
23843
2707
23144
59655
18667
80332
16469
99549
72336
8044
16687
32673
24055
4481
44473
7098
4971
24437
9618
55916
21618
73601
70689
19950
51825
99833
40481
95238
55893
16456
34674
16691
95843
6915
65105
59743
98561
32130
86220
40339
94887
11934
13491
20275
15985
80256
45987
79679
30799
20020
41784
1347
63949
68222
14527
22668
42109
44234
42204
50034
78750
95125
5095
97938
22034
70610
98831
10333
58761
37234
641
45402
88403
16479
2143
56520
55634
84724
60357
81985
57160
4312
60185
64012
19256
64462
26190
53496
76071
98376
69268
21249
65620
8585
4704
88651
286
76445
32084
11115
61741
53665
24675
96267
16393
33844
36137
15411
46756
80203
95817
71645
46607
42089
30361
20893
33357
27229
19030
3149
89728
9393
62841
30406
58692
41773
23555
95009
80517
15290
67506
7602
78874
47969
31434
47348
74127
16660
12698
8787
26243
45563
74658
59466
87228
47409
49498
80390
73515
72579
15398
47381
52469
59072
22714
25584
73963
91930
44712
91654
67915
74609
32398
68565
71777
86714
60111
56508
48106
52655
58813
70017
1727
73979
47382
46254
8369
84487
88711
72259
22286
71719
17056
90053
39028
70986
5831
77611
51344
78857
70908
71008
51164
51841
33509
88479
98656
52996
98889
40622
539
84280
42271
62686
14171
95690
31868
84627
21353
93579
60327
62552
96367
80011
585
31200
26455
42622
49832
1253
29753
80166
76205
17589
55661
92775
36819
14961
45660
87945
92851
56150
78811
53340
7694
14290
25473
25749
77526
65831
85209
41856
10177
93563
90443
90979
37799
60097
16089
2512
21581
1410
47216
91539
82655
7327
21743
54935
72326
1213
83221
57228
76892
4700
49958
70623
37574
74926
31059
36776
54463
31561
97389
99284
34873
48765
46033
15308
41149
73323
80531
92355
90705
44301
65961
11976
61957
31884
7909
95951
63830
83467
47409
42550
33625
63592
60139
10526
38307
987
97484
56716
67638
10772
9492
39506
24098
42754
45341
84851
34140
17835
35617
74156
28130
53662
22519
54053
62123
47965
19042
86945
83718
83419
46273
58165
76296
41428
19110
30689
51229
63848
25030
91589
96028
81499
67990
65717
27889
36189
30102
81634
46737
59023
37391
62345
29612
31931
2818
79173
59131
51636
59629
50907
32750
35677
91195
92369
56692
58660
9695
16619
88653
83560
35298
73246
56782
57672
79946
61545
48926
75735
45428
91856
35775
73786
4075
80914
64277
6445
42286
57823
33593
77645
11990
26072
44845
40196
53232
74015
98051
53149
22260
51322
94901
87542
83812
32122
94385
931
3740
66929
59812
59002
8660
84895
30371
68594
63045
45540
48152
628
50942
54826
72408
23731
39496
54302
16861
39728
44468
64010
52971
10740
14183
9930
32340
94271
97616
94991
94817
57447
64788
78998
45360
24490
3211
17315
2334
22556
22802
70718
42703
30185
63501
39594
95426
99948
14791
94465
63389
22255
24358
71822
86323
20823
94331
79332
92417
21976
37866
7719
24714
19732
96269
77953
69881
66527
97417
61863
61574
55486
69945
1886
78369
24288
14464
21385
7107
2973
73019
60812
96530
48435
31079
96982
83160
56900
32528
2800
31697
22325
87435
83017
95525
13461
4845
77938
69464
75210
88381
61479
76513
20966
91144
72559
3097
71776
38223
9554
73184
15431
90041
86354
30683
4043
37875
95588
81625
82154
94032
49621
32894
39121
63506
73198
52678
9286
61385
2929
69265
1350
70825
8297
19495
24420
20111
86453
55878
92338
94151
98807
22317
30206
85662
11247
12333
77411
34407
71811
30864
80013
99004
9723
90909
91990
55171
67927
89734
59652
16687
87606
25793
46412
30936
47651
37195
66173
9575
24617
65282
32711
16708
79459
72759
99758
51855
96166
74833
61871
33099
94398
73935
9718
6983
13308
23864
85075
86029
16977
87552
60614
42200
3233
94191
77455
65211
7076
46032
9521
28253
77560
72991
87865
90532
72680
84013
10441
5976
60685
18187
83194
484
38175
55720
86886
26358
75475
9136
40725
1782
77984
78446
38654
95746
8539
20523
67074
24310
50314
52575
73798
82823
2380
82338
47202
50540
90758
33495
81818
68994
46657
13842
52033
13558
50549
55830
89082
48839
65854
44396
58187
82835
89199
35346
62495
12247
25595
59061
58341
81897
56317
98957
52439
64897
4896
31838
65739
7024
22347
18190
90979
68713
6592
34466
41368
41120
43019
46521
86380
8933
3233
33641
97301
81893
67243
85959
79923
19441
40695
14569
54749
28494
23251
33285
56050
22994
46772
93728
60308
95750
42722
81316
21856
67990
17034
8738
88938
50124
7670
75601
96935
68415
75187
98228
87185
86557
29858
51928
79595
78613
30230
9586
35150
90326
97501
5046
80472
59513
77652
97497
30738
53055
49034
63982
39540
17962
16945
1131
24694
37026
58687
74341
67542
25799
82707
12912
59932
6924
43666
12992
77864
50307
11575
76716
93698
73166
27675
85522
99851
52702
92280
78424
6057
15944
20562
81849
89596
36267
71080
16698
23229
84131
98850
90386
79209
50812
9829
66881
9297
88183
96920
96150
30588
85060
18960
75906
4792
31188
43604
13198
84697
3635
12640
51114
15675
47190
3970
26789
22381
10268
58365
30856
81231
40942
11045
45663
77722
43869
18261
49790
74394
48213
97257
89814
69953
39116
4353
36740
13014
60809
60351
64170
44961
8185
95075
8031
85577
85428
23559
93548
42363
25271
85279
44173
19913
30505
74763
19292
29207
20541
67015
62796
48381
40182
94453
82976
66285
15153
63338
25715
48071
19543
7213
47560
98091
53992
62422
43033
59518
20256
16519
31402
82431
17757
24233
62150
12462
80759
7605
55498
703
21032
57036
54593
12156
40141
28179
29364
14866
28003
85995
38535
64741
69843
81724
25924
62104
42440
61138
99910
45212
92331
93186
20821
3215
53592
76943
11
36480
80885
31790
96519
65724
44648
826
82449
93045
59628
750
36603
47755
95379
32777
17388
7807
47950
28658
60659
73654
35626
43431
45917
85523
18467
22297
75127
17404
31263
62819
12483
51421
62649
65652
40516
34827
9274
17080
98240
48497
83258
74884
80378
70599
53593
35391
93237
2006
57743
44038
82419
31092
28339
74388
70309
54656
41733
41239
67155
39060
10090
32334
48585
1036
6753
40148
24486
11177
35842
50308
59484
74774
31326
96452
43589
24453
98281
22673
53103
66964
89586
4134
86520
62539
45024
64102
7876
79351
6550
91305
80913
57935
63454
5410
31411
40813
74183
40365
32168
71115
57805
15469
65378
40641
47404
42236
80515
72595
50124
71472
32349
57142
64173
19469
53352
18949
61761
24804
87479
85072
58788
77952
88241
38787
57019
34791
62916
90419
62553
72014
26956
69724
55613
67599
17832
46057
10937
92678
5974
12344
45574
82527
31970
26774
1377
13825
93791
92175
53236
52989
5588
67198
70867
56048
50473
45697
51953
94428
53701
11143
87460
52947
9810
71396
16181
96436
7504
5872
74841
29637
9481
11873
52572
81343
60869
19810
14101
28244
19606
58038
64713
36549
24809
87218
91850
40132
45096
91387
33153
92854
77799
8333
88822
29648
2162
5396
17365
46054
24838
58510
28103
59143
94410
72029
11276
44074
3153
84860
27120
50033
38873
44390
9007
86897
97429
93918
22544
39662
17411
11533
62465
11563
52458
58841
62234
18747
53832
46432
37432
59490
96094
99666
83374
59150
42153
13147
99778
48400
10409
15129
20932
66768
76380
24185
88456
96100
13944
69575
15596
19276
57192
64083
56911
68390
42928
63465
15310
73518
75930
20217
89535
48372
44388
40998
89570
52290
1283
86867
24830
49407
18996
13365
606
45299
19043
33540
41897
19004
76595
1148
591
84040
348
53574
91906
5890
92247
24387
49034
75386
98777
34040
81186
87548
75724
93815
69472
3627
1708
12953
37569
80464
92326
81796
89628
35750
86309
14804
16632
80366
97910
76470
34153
89704
55580
80447
29483
4716
76021
47616
64107
50428
54806
32329
98724
34717
90030
77768
82318
43411
93838
41104
74232
79103
88149
37074
48750
529
25575
84628
65407
6984
24228
5435
75035
77955
56044
15367
71519
22000
82217
70432
92293
10882
86474
77220
16793
75054
17197
54547
11403
14831
12741
37775
21887
37898
50843
50215
19837
68326
32590
27023
68383
84821
84243
66198
84223
36675
36012
98534
37952
54728
15943
13823
52770
21642
79178
54121
32813
90845
78105
86566
76679
46771
67306
97993
9151
80343
28691
11540
94713
13121
96871
11435
80107
41139
62538
76358
50034
85188
32528
64004
70008
28123
29233
59928
33472
91773
19156
2279
26452
56108
70669
20658
72349
51562
54398
82172
21913
61734
16175
20618
9012
58185
72109
35806
1485
51622
98114
89154
38209
84519
12072
89001
58421
9022
75834
54482
97444
91006
76404
70349
44099
56230
80865
96766
29468
47737
98026
77927
44059
95044
21255
1207
61025
5086
71582
94644
76757
72514
7933
14655
67013
72648
22217
68239
96658
44253
90991
34252
14183
91247
12586
96955
8335
32589
18771
81633
3537
7784
13495
86896
23192
1804
57656
41195
55545
87694
88564
72083
15466
97737
35449
65952
7334
24760
68293
13233
59139
24018
96233
79480
15990
33077
13938
16264
52409
52188
79602
27494
87105
30901
96573
36554
61355
87980
62155
57541
72716
51179
41735
59960
39433
41030
24142
30347
7780
38503
15044
76619
4462
70271
29153
91327
79316
17260
49186
88544
79710
2280
29739
55770
47362
40748
37645
17026
30755
44855
36862
86216
61882
56024
45591
870
54731
43071
16058
65550
44775
44240
13290
1470
3623
50093
98201
94312
31110
21244
52450
55737
48236
10001
17772
65754
88740
8203
60880
42909
14486
74906
16510
97146
60434
7018
5856
56242
48655
3608
75338
20864
97658
40302
51585
95609
93244
14074
62463
63754
80165
40667
31158
22023
80070
86995
10532
68308
40511
99115
88384
40085
72249
42682
60736
34154
37656
7272
39889
99397
11694
38588
36759
83380
48781
53244
32879
30930
53787
59695
36449
78212
73469
55858
98955
59384
95854
99044
54123
44551
69381
47059
29366
57538
31077
50686
71369
79898
63575
37212
22097
33622
84506
62288
79265
49169
8606
23097
76179
67712
12786
19698
19879
96930
77550
23345
33612
38175
74256
60700
59963
29552
17092
51087
94295
4171
1058
40250
34714
45815
2807
58591
54344
35231
29893
94440
24503
19470
65801
13625
43206
3936
73063
75476
52463
62274
84825
92353
59938
82688
36449
54910
15814
21018
63015
98486
34060
10621
16055
17416
88836
87062
33406
43486
61361
21635
29765
92362
60362
21884
62343
47575
90059
49600
65953
95441
93693
27177
44945
46315
57689
51718
55579
77644
21821
12993
11753
12526
4132
16077
99431
3817
15847
42458
90710
28308
11156
44405
7123
8087
89501
56565
93609
66933
43870
26038
29527
98414
27624
7578
21147
69372
94477
44130
91242
7531
51544
54541
5734
25223
53724
80097
54770
12552
59193
99424
36191
92803
60426
7340
73025
70493
2890
67413
33479
18177
4471
90235
11816
41992
92661
59866
71599
37874
83685
29424
48952
479
37997
33441
62812
75082
39948
19422
81603
49065
65933
83924
51299
64057
24962
9536
98559
92428
78343
38261
84428
62532
71048
84141
99028
35939
36341
83318
55748
36892
67370
3306
64616
9309
84678
84881
38863
29861
66980
69793
16127
37029
54030
75411
56314
45496
75068
13447
11820
2844
4054
14071
52631
11225
93804
8994
68779
80553
95122
47543
65667
1713
24179
68248
14008
28384
1610
25144
15381
34318
50217
72769
96926
69218
4634
46760
54191
70897
55962
37958
19878
3921
27131
47122
48055
85734
50619
24629
68307
30056
99167
44923
82405
84350
2256
39060
47238
63237
66369
10303
12080
82966
5437
87542
55702
83392
79365
29218
99407
83385
33191
76443
55753
53200
27131
68204
9558
3048
48711
73798
17703
80964
2129
68052
57330
45043
77156
73452
48228
25197
10128
19912
24488
17832
62960
27755
32988
63172
62604
2341
91812
39442
63042
39840
50387
70709
14598
82809
54988
85916
51294
31488
38126
85473
35934
12183
18483
68766
34748
27604
19184
51024
28685
65698
86546
51203
6809
23316
18877
63919
28772
8934
95472
37906
87948
24713
29617
71095
54593
92319
56278
98105
29238
79233
5031
89831
90569
2662
1920
6726
79132
36729
90067
47533
18499
25249
58205
13387
38870
7216
18741
63615
34618
94998
82521
73982
56903
6317
36147
20748
15235
40202
39547
4650
37734
4434
26390
97723
18867
47376
8065
42872
65548
20643
53068
61223
37731
710
38026
25461
68050
27344
43957
38743
36503
74665
2007
18237
70868
56669
76522
19935
41232
83203
10195
57113
17946
24675
45914
58646
66291
14190
83050
85393
58282
14330
22079
72911
92271
2472
774
97032
24438
83307
27627
65160
32689
20144
73738
20611
53184
87610
93099
9927
52417
87530
3003
3828
23679
37038
71277
81291
25720
33391
25071
83230
13580
23505
17164
17353
46780
57861
60017
48982
98468
88241
65300
43983
30618
76659
7133
39419
44980
18874
61020
5127
67286
50054
57228
25167
73035
92419
27336
71919
17232
25127
15732
67573
87558
5187
74038
27880
60719
44836
55727
61229
5077
55634
80698
52462
39201
2395
45066
95353
25584
71154
10187
50199
51527
44492
16703
93784
25074
94847
34356
97740
92892
51852
76391
18366
69111
73259
78530
6024
49391
50673
66872
45478
72862
11133
16437
19864
86103
33434
32716
50486
57936
84167
72230
2199
91563
92603
54931
59872
81473
25798
11235
75295
66536
95764
49508
55814
37823
29039
26067
16146
69970
55663
49018
42976
58245
29373
49748
28347
60028
73699
11415
12280
58993
59722
52484
37700
93081
60380
25190
61420
13190
93513
3720
83831
68557
61248
4999
56886
46878
16844
6136
5066
32540
41797
96923
47266
84634
95780
33203
38843
78003
9898
37494
62586
95143
29787
26960
84927
4568
79239
35621
59462
12120
7314
37635
3685
25687
2317
71573
96815
30970
4558
11763
46691
36128
26464
32140
51937
6576
93399
60434
41935
77664
51459
26131
11648
2612
49551
64318
80879
65851
92211
49334
98333
67755
76919
97103
79655
65787
75052
93088
15607
39211
89195
73985
11647
29740
21136
15609
23384
98926
14702
56858
33736
34540
95478
20201
77108
32878
15497
72839
53462
81626
25135
9500
90925
68848
36759
27766
9388
47629
15048
9896
9543
93046
27471
21320
61904
98397
15064
85258
98558
70998
98409
95400
16768
4342
16658
84119
88011
23079
8464
72397
28619
19995
82847
89454
28938
30070
95297
65011
56751
15680
39849
65191
47681
69158
91365
64243
70406
74170
83969
18599
7721
5736
91304
37213
25841
90243
82246
22692
13806
91422
61713
91434
62453
36006
70372
67785
18135
43673
9342
87189
90217
79891
76395
36354
13364
7382
48689
4656
65702
72212
23730
20328
22201
23862
35048
97405
78932
35166
91983
24966
18353
57596
53998
88931
98364
20178
39118
28442
38595
56145
83363
93843
46238
20479
13460
91304
70719
43613
68652
70360
1572
51797
9078
34919
27143
73048
78001
35755
53064
39069
43039
33070
38925
88180
27627
1380
49171
72049
58064
85827
29968
69876
93812
8924
17626
17715
79096
69846
56165
67716
52428
74534
51657
2355
77289
84225
19265
42067
12033
72445
85184
1229
19955
36069
90212
67053
31531
14760
4246
98698
9954
34892
1729
69815
38433
9020
66933
6705
43070
90015
94914
6438
88722
198
29090
54504
36873
30074
29612
99957
34344
28772
98043
87531
9588
88807
93325
90806
89329
61505
61637
38291
12486
26241
68432
75129
10585
76572
64830
57178
44311
79428
42479
31316
34337
9693
31121
16088
1264
61867
71310
60182
34278
92881
51075
22745
41047
55758
29802
89152
92399
42479
85204
8610
64504
66221
9962
15868
98553
78105
53482
78273
43348
31626
51172
91590
19738
79151
8750
33211
47514
9176
12319
69790
5142
10478
16275
7821
50640
79873
20608
70332
17937
73950
86743
80590
17192
42027
56793
34619
9868
67443
34934
48319
99751
87430
61612
72108
79622
57969
61351
76273
99986
79340
73186
23575
81020
562
79078
62168
71813
76424
30141
91532
72030
59561
33117
76854
70262
71795
235
13172
20622
13935
84481
69625
74575
41281
19229
76242
8480
53277
56306
51005
39041
20066
49801
3236
98591
96138
64238
90939
50089
51858
95239
54288
57719
87302
78382
95248
93148
79700
27695
24176
49785
55677
89057
48262
57799
72589
15766
33797
41169
39419
73631
34501
34732
7024
61151
41536
83944
9950
86708
77319
83013
47639
79176
24898
68065
51485
20921
57377
71195
96056
82929
7799
58520
77736
10603
98850
20769
2085
55783
33916
58474
92418
75606
36259
5495
56443
22072
11466
64397
25194
27518
99810
85092
9100
50674
79830
4217
99712
85568
82138
76852
82409
51292
73393
74501
15372
74457
74343
93639
73165
48165
82997
17674
49452
1403
84212
1839
62715
41004
40401
5308
11247
34654
74514
77737
79286
87904
76138
18480
4856
30740
84258
65864
81643
69997
26148
41229
82260
82723
20813
67811
58237
22617
87598
8113
93326
86714
35764
15042
60986
42745
49263
71898
64387
48936
22419
4203
17807
7487
46864
82376
62023
80565
97828
98461
93067
63365
18756
92347
23711
52656
57235
23379
90073
71179
62351
31763
61946
8385
13825
10836
14757
16205
16679
16065
73516
54898
61684
69531
44681
18503
21456
79717
10535
82009
24837
85553
72522
3083
28070
50959
94898
80040
80274
81567
18151
14721
62871
8788
82789
54038
67848
88104
28479
87159
68144
88197
10885
56667
24927
5490
9185
1490
71172
24666
80895
87009
8708
59916
57472
93454
56765
53945
64079
27564
94070
82174
90005
94451
43663
8118
32379
16704
59860
62567
85156
16003
90177
73993
47812
78842
1504
60519
83699
12452
79493
4806
66764
59598
32834
72390
17107
81653
59997
1276
40815
38206
65021
86013
57577
88419
41036
3007
20755
14450
75503
75478
8937
20503
69485
56277
95408
92371
4801
14667
82558
11861
37534
49207
21930
8035
44112
13065
27435
92979
97064
30333
29198
73607
1569
2354
8557
53020
81012
51605
950
35011
60064
27313
52716
23555
57121
1816
70300
65434
64515
19534
5898
18660
64453
21490
82285
41936
1478
57476
71387
91113
8064
15222
6069
77452
58986
41365
22736
89496
12238
2521
3457
5416
79512
36463
10730
25938
57647
73135
85351
39316
43940
63214
8500
89268
52859
37895
12795
54401
49445
37790
63905
63366
15560
91091
24245
63848
69161
91550
53350
35446
63890
25395
95708
86617
6534
22923
56157
4062
43288
65333
65386
29291
82252
60236
93645
21586
39227
10347
79473
29142
16633
39005
2050
30939
51233
3446
40738
30705
95379
22198
33433
81322
28591
66455
66540
93119
31571
16986
3711
32728
93100
67900
87911
50500
61795
66504
31955
83996
99303
14525
46351
72614
39308
20132
40092
84173
7551
82466
69981
98114
12114
10816
7160
11938
70316
29092
35674
37609
98848
92933
97243
32880
57125
51536
48838
68827
365
19241
5243
69370
68519
82924
97455
71142
9917
60395
89610
42802
14421
42323
62045
71723
9806
95575
86194
72972
57303
79423
88183
584
67415
27726
22337
44360
45550
79963
53209
76782
68498
1929
75362
74070
87398
22922
83774
73053
50622
30415
44592
41212
40853
5495
5871
31122
24655
52752
31038
62474
19967
76858
33967
24979
97181
84697
43906
23659
42875
46744
30914
94376
31750
34248
78051
1954
71971
59850
95238
95800
11836
88408
31528
38690
21621
52084
57482
43214
93398
99170
57380
47361
33802
29663
92226
35801
59946
22240
68794
66672
47062
37099
77418
95002
17988
87022
41783
93379
9178
5057
57683
58096
95755
1372
84514
54679
8920
94131
93215
601
33099
19638
67440
4930
27301
75534
929
84750
75438
27505
33371
56456
33706
14721
19484
56314
9668
22158
31613
79207
77288
48972
54832
37040
4900
91279
45342
29034
49031
74936
87937
84961
45933
19394
6320
89357
14859
87154
51293
19855
72351
75085
16128
35977
45185
33593
5889
36107
61130
57586
18026
59804
91300
79179
75261
50245
15644
6268
88604
7274
83975
93369
18271
55423
48971
1547
43350
23204
54684
2769
47250
80099
74375
10713
75281
5869
4830
74804
23157
73191
40873
57203
70783
9051
73361
23473
84377
62971
76754
16835
71787
50836
78178
53192
90817
61950
28964
69518
78433
13918
31713
81747
89921
15047
11235
59948
11363
47186
56078
8366
36272
13277
98847
45814
77771
3341
48172
17936
21386
20249
32921
37027
10370
72329
70129
37371
95376
83718
22132
54480
73401
95341
65513
85146
87092
29480
54725
61868
54823
69157
26635
80029
54406
59851
58736
49072
88847
75588
63398
99999
21269
4014
73300
70629
77924
95789
49041
7394
83173
92493
18944
67802
8352
94208
43198
81285
87680
53019
79741
27765
78627
81938
17635
23098
21642
50052
35241
58420
84692
94227
35078
26505
61751
15231
5041
82358
31207
41931
56511
27588
70077
41011
93906
78487
63007
21656
77339
76302
41215
34756
50321
24831
35852
94366
17802
95251
32693
55557
76370
21033
70651
67221
18039
16783
35279
81026
51825
94056
60264
38406
13179
14435
64827
76354
60346
15616
23050
89725
88869
69731
82303
62882
30676
84853
22283
36717
42609
40354
73628
8452
30719
54759
95586
71063
1301
20710
45990
86812
77402
5877
63522
55050
70390
10889
22253
78335
50201
95789
11483
52863
14998
35058
40104
9317
21226
37902
64015
8455
98438
75277
87592
52118
39758
88059
95723
4781
28491
11775
31686
33423
34122
42484
47891
64144
86852
85691
21497
22872
18796
75566
44967
74429
42121
25294
72804
99337
19636
71027
30047
50988
71738
1710
65532
17105
55117
24953
63497
68942
43250
5152
10805
19237
36474
24234
53858
25661
30300
57685
69239
70368
74637
28909
15173
18196
63730
3540
27089
6206
6852
11945
69880
45421
43192
42983
61916
22013
80872
34955
41403
69654
59647
759
54396
47309
59618
63375
5588
97527
4150
45137
27917
79089
34190
49622
95130
64860
63322
98552
22613
70803
58133
37733
76116
35311
26870
5876
35459
99372
40828
68019
40839
47572
57584
51332
83089
57498
62922
85236
86020
70870
99167
40050
68952
43546
1671
78794
70572
53537
22308
85307
61475
46250
79089
8517
72055
74420
34391
67444
14843
46517
70805
94479
85961
31901
3213
55485
89070
83597
38498
74416
36965
30275
70117
7481
50970
57872
73826
57238
96284
48271
52930
90574
62690
67542
66716
26167
24293
99472
64087
86823
89440
1472
35923
69991
82524
19401
94338
75779
83051
35462
84733
45976
84202
39039
37433
9854
23020
4199
69720
2938
77453
29538
56161
23475
21663
46176
95429
17986
80318
27900
15156
42056
25037
43825
72888
25472
11730
78389
30833
81789
66247
6138
4829
41634
87579
49424
13873
56282
52805
66040
85522
13481
76013
10747
4625
31054
94660
89780
28100
45403
31111
80608
26830
91905
4556
20607
57278
82044
49082
77744
10046
18170
27343
3992
30336
50953
16109
37911
56180
76878
79898
66667
74287
93510
41992
79749
50500
78842
8280
46742
52091
37662
98740
29719
42529
62666
93778
97175
95824
90977
8224
40910
47213
97721
64472
9841
69688
57533
48064
65455
41743
22078
93968
32489
50747
7155
69865
65334
58431
56426
93931
75839
40289
50516
48960
71331
99026
59989
32065
33086
43700
98624
9794
24904
20868
19458
32184
59077
81735
10202
96080
62737
70257
86949
38002
81431
21088
55480
79893
28742
63440
8012
47298
40863
37144
49918
28810
23272
40602
5690
48083
82978
46806
36370
75267
24312
43249
11671
13419
48802
74284
19209
57250
40418
90381
60513
36526
36315
37743
78923
24479
80161
53838
87994
12821
30255
69701
20710
29210
47851
58211
99574
525
22450
9051
35568
45808
301
55714
99998
16481
69952
27627
77413
88221
24396
51403
58
48829
63236
79173
84739
19511
20235
79131
41521
93163
1730
83636
318
72561
99617
53637
6243
43833
98939
84644
67482
26115
34619
49146
488
97013
64428
43083
6479
5295
16055
79894
30457
47187
34943
54653
99438
711
6566
82934
10059
83685
51908
4293
37440
25337
98105
28655
66921
18921
7599
95373
8230
53271
8597
9369
37669
4963
7226
16529
28063
9522
77525
81372
68486
20083
19215
34055
46229
4981
45218
60878
61963
31918
10941
22716
75741
35692
25598
99194
36263
68897
92182
72892
28723
90586
7157
87551
87613
56563
13563
36937
60008
36803
41929
66965
72136
432
92246
2639
47462
76753
7222
43523
48038
22036
62144
6687
62539
96047
49878
34490
44176
79788
70915
26010
9608
46450
47815
95619
46003
31297
71008
9906
37535
32985
48642
5062
14933
18801
77016
40832
52066
99337
70079
4266
82112
84330
86622
36760
82504
30697
71975
21254
82633
46258
87379
32971
81209
18179
34683
26669
21199
93878
96609
6202
59432
53956
3544
97983
85253
81635
6676
29016
87995
51266
84262
92254
46596
29676
32901
67294
16342
8403
98930
52829
17493
62338
86388
58740
88469
60860
37474
375
52305
41217
19027
35291
59247
90749
64271
83633
10638
74476
12924
77314
39664
87645
64724
90290
23052
9014
11554
12494
24490
79990
41542
43348
25312
37139
14870
97293
80888
81203
95506
33398
52235
74398
85657
43871
1480
19633
50474
62165
7115
90190
39385
80371
50397
46499
7400
97746
47763
97815
14834
57440
55810
40947
37123
66898
55164
35583
47741
38894
27470
56385
46705
34798
75781
95649
94763
39414
2774
77216
79067
47639
53509
82186
79990
97145
49862
80120
30710
38472
92295
5557
61298
94124
81272
19023
97255
21676
15454
44123
38790
62389
56660
77901
81610
26444
12676
30317
52605
38693
78105
60539
24487
44681
90759
42638
42353
55689
6517
11415
42063
93709
69066
10198
65440
82488
52657
86827
80541
19155
85738
61464
96553
52484
21288
20407
22379
88423
5665
73838
55568
41325
11975
52174
3942
50147
46241
5713
36153
82934
5048
15256
29363
59995
61913
17645
32319
36455
86237
99422
90360
98237
53536
14285
85195
42032
88508
35574
26787
29453
93565
63709
97290
28300
54604
70326
87668
79779
83075
75787
86510
59479
48814
24821
77510
32076
81653
46231
77185
34968
71475
56924
97621
64419
76151
97968
50387
79324
54742
70930
17235
82289
79339
76466
793
85521
43119
43924
34186
19868
74449
80673
72366
99373
87284
62950
9907
10820
46658
36186
70112
58021
4711
92102
88514
53950
67484
42312
70186
20363
85619
13709
34752
24135
23156
49651
75609
52333
47747
12724
50548
3911
2932
49840
89862
54900
68483
98486
54960
36122
88413
84107
5624
47698
47857
82973
37271
22993
9850
2262
30913
46161
80919
59701
18000
22055
60461
28786
99912
95066
43006
52403
77599
14276
84789
17639
40720
46366
16430
27626
37587
44817
82089
2435
97326
94206
12086
90399
3911
61784
90795
73628
28034
5015
64512
7099
7277
3384
45042
39349
27644
5565
3898
24659
224
8858
19301
51522
45619
16883
33582
80268
95716
53590
2106
3926
97531
46910
66525
20688
57002
33791
64913
33812
92036
79796
99299
75343
73520
51135
17092
83740
20646
24724
27096
52309
82609
72739
63080
5267
82572
12155
28272
51360
21795
66885
2700
11123
41890
50371
71944
13190
21408
39878
40663
7524
39306
80236
27158
48972
72310
24412
96280
63263
5788
91027
77142
19385
28489
94851
29385
97200
50313
85259
67154
57244
29291
9818
23487
90827
19021
5377
39450
52892
51048
7461
92182
57512
48015
60210
33880
46471
22876
3816
99816
25088
57093
14077
57632
96230
66404
69637
12437
13419
56667
26439
52644
17007
44196
86082
20036
13575
65137
54981
14179
8021
26649
4669
96106
278
58989
60022
39112
14116
12101
61863
85515
34233
2870
73135
7412
89601
59952
23704
36738
36013
31933
17882
25356
58828
21531
60863
19429
38107
83677
95535
83984
92637
78495
79508
93382
46805
1594
73689
11301
44824
23521
58385
19868
70531
57844
40653
21766
17763
43048
67493
31386
96289
67262
13508
91553
51324
86850
68746
830
20842
89931
12726
13128
54233
34189
24016
76088
68279
44613
41230
7632
22001
91331
60948
71104
50604
80281
30811
98609
10586
80169
71932
29394
52993
78039
43755
75580
59901
2742
46626
1050
50350
80674
42609
977
86331
91402
63425
99249
86811
72124
65948
38971
88387
79392
90255
27260
74837
54119
73050
9681
34644
51615
70098
92000
95531
92256
45361
97308
28096
60338
91622
45117
6822
28789
57646
65691
66082
15624
70324
17648
91158
84380
56715
59807
39907
85231
90564
39244
99348
96096
10610
96733
43313
63760
83878
57991
72194
63896
16153
74578
83931
95813
43978
1838
46548
2902
77738
52911
16861
62927
3814
47652
77450
23689
95258
83192
44515
69047
25089
88904
32965
87881
24062
92722
51869
84308
75629
18013
43378
11310
94832
50639
71258
31890
94985
64368
11385
12007
6262
69458
95869
27709
73673
54020
14908
25289
28446
20682
86047
7712
96420
82093
59193
33200
79847
68002
37583
2544
24838
13894
59811
80594
65753
46591
6105
44345
19882
55775
63232
75096
91103
42017
6724
15456
29511
61724
36570
93230
85570
47281
33062
73780
91926
66736
83191
39969
3805
1515
64822
14588
29783
62954
65772
33974
88718
38827
58027
53508
35770
59607
43500
15788
10693
833
37064
40488
74936
92762
55012
1255
20635
91381
32694
39487
54166
75898
3744
27418
79718
76983
35145
33653
34190
7325
27314
63176
53753
61472
56449
40770
84522
75461
57589
81957
85046
88402
21143
48721
6711
27978
3069
18672
79639
49701
29499
5755
76303
95845
10233
58221
72838
4096
62400
25296
78896
88266
85487
27813
60901
33826
22018
90087
40691
99543
84358
90362
11788
93161
27428
65416
78913
93878
99563
61241
92862
27234
9303
56197
22510
59119
4612
95630
78428
64710
72824
67668
78510
45481
34563
18758
25000
12808
22951
54481
44423
30242
10596
96277
27199
8180
71199
67933
92095
74442
40021
67046
92150
2182
68048
36122
73384
62596
48376
85597
95292
84033
30136
36778
23070
41434
25255
46529
5475
70390
56378
47547
59367
98690
90499
88116
92245
14852
52143
83487
7446
47945
12397
97380
53200
15902
5641
56536
96352
10556
34537
63907
24315
26818
85641
16735
4706
10666
92941
54662
61116
96049
54693
59956
55583
24333
30137
7065
3611
91587
16955
11900
85952
48774
37800
62617
62845
87845
44800
23149
41084
82751
84595
88306
91994
18554
53324
35013
69299
34110
10888
58091
29870
24197
16902
955
17452
95495
96934
91713
29740
47503
46932
73356
52553
54240
36210
73098
11339
55500
74904
90376
59902
27469
70512
95628
98975
91658
9946
22695
93139
38410
68473
6531
33621
86632
64970
64879
76590
74944
54134
47675
71867
81115
70576
81155
85307
96397
17207
15006
9643
39331
20841
40344
53192
79601
61684
83928
93590
56668
20146
99735
84591
20236
74407
72854
7978
89973
25167
22648
69754
30461
20275
42224
50052
64028
1187
39466
29547
98858
95689
51245
31710
32724
36853
86893
39810
3708
96911
19608
70388
98431
86536
85207
10748
95600
84957
66465
57058
18104
34419
38273
21755
90403
53665
23923
14218
49631
99461
66082
37044
38614
32595
47320
81769
16923
25383
4581
52496
62087
81376
69545
93673
97295
24797
32560
49096
74172
57166
71688
33274
59618
71650
10360
53364
24274
61853
67249
80184
6781
61092
40173
30165
32846
632
22213
86613
976
80927
82689
58285
7837
8610
58223
46039
75305
63781
89873
64174
58598
27083
11137
42119
60252
14139
38615
14229
48284
36100
42223
90703
78505
29364
75039
91033
50743
74991
24269
12879
86672
58878
4224
3913
2925
7472
49860
1906
67388
70606
85109
9230
68816
12975
34101
71949
333
18856
15347
40779
55925
10851
9041
1494
65680
32752
15868
75689
50320
49077
32065
9340
58487
69377
49921
86229
61255
14116
55536
26051
17548
754
36366
52888
91372
43561
29922
48770
97220
28821
41971
39135
73529
48213
37700
92278
35733
47519
62485
53251
40234
75225
80299
74183
98521
96155
27251
47607
16731
68967
65324
97147
57
73168
87135
30800
53736
11227
66368
16026
32742
4443
70513
93026
40839
47422
52632
2814
56331
85313
17107
70074
66596
30427
10660
47300
26444
40387
24422
96352
16327
38690
5419
56300
65647
70350
66551
22314
23619
50249
53021
39377
5641
79872
70113
96690
16574
79317
2327
93935
54067
5766
57101
38911
24796
7052
47713
27571
64432
89536
89384
52117
38149
63167
20263
80576
12697
63461
74647
52128
33290
40021
29649
36491
9017
44346
18531
12790
8996
45817
53962
33580
98157
54089
32733
53073
96311
28571
99775
15146
27114
11200
33830
16305
34506
27469
79680
81547
83433
62414
92610
16954
28889
33271
79588
31826
32761
48538
18649
55326
31477
64385
13038
7833
9131
23675
89922
25587
10527
90277
84796
78737
36509
71965
62206
67485
99972
58826
11000
28818
85111
90977
18034
37177
44750
9289
68120
36416
91005
35903
39974
97539
83061
77511
67998
56953
92520
43689
17999
53360
31550
25012
81235
47897
61970
81244
25710
81800
64456
48599
56190
98564
36212
86866
25172
33514
2711
52147
5852
52655
74559
99029
85144
4825
54037
87175
59864
36418
97554
91673
22455
6335
70030
93884
3942
30308
85124
60133
1295
78376
11267
99259
53982
47067
37634
26845
50192
28676
36433
53921
37096
4085
28353
60979
81433
92644
56501
14327
76861
2948
847
31139
22698
41656
19971
1993
5034
54064
89814
35254
95679
89736
20181
96352
47002
9251
68882
76824
1432
74028
40717
42917
53245
90175
53879
81646
97250
9433
79925
83356
74050
25551
15093
74168
74807
42822
20548
39154
99776
34962
77042
57603
74342
57206
35506
5477
13902
22214
9262
66955
94649
1246
45820
36889
31155
66116
36631
89094
83649
44510
71720
31561
17954
21554
22754
69008
19285
83855
42928
45619
17460
68777
4906
46399
15534
51328
59148
94256
26484
73769
84066
91732
13280
98983
16769
21266
96523
47596
98549
35907
40827
60992
42805
43630
56186
17635
34755
12672
53812
18450
2081
2798
77281
48559
53546
57931
89277
17267
68681
79306
31831
75971
35772
35086
93688
14523
77682
52371
12265
40590
75458
80541
9633
53698
98175
11105
12081
35864
74173
88534
31000
94147
93599
48984
89222
6908
15083
79407
61373
45225
60411
98215
59436
63661
20229
20483
35423
80445
61082
85648
91895
96149
19511
93667
88069
32064
92461
16862
4325
4734
84926
28928
81150
91480
55514
20075
79925
83264
8562
47799
22400
65849
17441
6512
53333
17995
27851
86026
36472
66283
82211
28879
37906
90175
26628
89520
72794
28050
10506
44577
91579
95197
65473
2747
59999
88146
55110
15296
43575
16194
19890
93692
41723
70641
2739
99640
29222
14981
29809
84545
53514
55184
38350
20413
5146
28217
88940
82248
25629
29052
72922
13202
42115
81701
27494
28037
21480
48158
743
87922
17780
60672
66782
10132
46496
57370
77205
59930
56599
99013
49220
8702
87173
45569
33134
32382
89199
75247
72232
67257
65061
35814
66662
36439
28438
28224
79590
9597
15472
36011
78657
61000
84444
30369
88700
46474
25665
478
42737
28572
65889
81410
57341
41084
92273
77795
25870
98929
39763
10454
18377
27561
82745
45332
584
7210
46920
99306
35972
1578
10558
55839
14798
68075
95652
64933
61794
27227
58970
46496
10296
2587
80567
63948
94757
29303
13092
85814
5850
69429
99029
7022
72787
65129
85011
58771
